[ 5.2703764]
[ 5.15565447]
[ 5.40134451]
[ 5.03791795]
[ 5.13700443]
[ 5.81768496]
[ 5.56252877]
[ 5.70004057]
[ 5.48316875]
[ 5.61702745]
[ 5.69588471]
[ 5.71544658]
[ 5.59576404]
[ 5.64394465]
[ 5.70069921]
[ 6.37556146]
[ 6.27021934]
[ 6.23540305]
[ 6.07311704]
[ 6.09816904]
[ 6.34863786]
[ 5.98356722]
[ 6.23125362]
[ 6.22153959]
[ 6.28788273]
[ 6.58812023]
[ 6.25938559]
[ 6.32806603]
[ 6.36884938]
[ 6.23242217]
[ 6.48252068]
[ 6.44520296]
[ 6.36893933]
[ 6.50689788]
[ 6.43219095]
[ 6.59563265]
[ 6.59247905]
[ 6.5706996]
[ 6.2965574]
[ 6.45883391]
[ 6.60223512]
[ 6.50362097]
[ 6.49242752]
[ 6.64437272]
[ 6.6191461]
